===
 19306824 19306886 19306917 19307011 19307042 19307182 19307198 19307307 19307354 19307448 19307479 19307557 19307635 19307713 19307744 19307853 19307853 19307947 19308009 19308103 19308196 19308306 19308290 19308384 19308462 19308571 19308602 19308696 19308711 19308805 19308820 19308898 19308961 19309070 19309086 19309164 19309242 19309335 19309382 19309476 19309554 19309616 19309710 19309803 19309897 19309975 19310068 19310178 19310178 19310287 19310256 19310365 19310396 19310458 19310490 19310568 19310677 19310833 19310770 19310926 19310864 19310989 19311067 19311145 19311192 19311285 19311316 19311441 19311441 19311519 19311582 19311660 19311691 19311753 19311862 19311940 19311972 19312065 19312112 19312190 19312268 19312362 19312377 19312486 19312533 19312642
 0
===
 19314312 19314421 19314499 19314608 19314608 19314764 19314764 19314873 19314982 19315076 19315107 19315185 19315294 19315388 19315435 19315544 19315606 19315700 19315731 19315825 19315996 19316106 19316090 19316199 19316308 19316402 19316433 19316527 19316605 19316699 19316745 19316839 19316901 19317011 19317057 19317135 19317260 19317354 19317432 19317510 19317635 19317697 19317791 19317869 19318009 19318071 19318181 19318274 19318305 19318446 19318461 19318555 19318664 19318742 19318773 19318851 19318976 19319148 19319085 19319226 19319226 19319335 19319507 19319569 19319756 19319850 19319897 19320006 19320068 19320177 19320333 19320411 19320474 19320552 19320677 19320770 19320833 19320926 19321051 19321129 19321285 19321394 19321441 19321550 19321613 19321722
 0
===
 19322954 19323063 19323063 19323173 19323188 19323297 19323297 19323407 19323547 19323656 19323641 19323719 19323828 19323906 19323937 19324046 19324124 19324218 19324327 19324436 19324530 19324608 19324608 19324686 19324826 19324920 19324982 19325076 19325107 19325201 19325232 19325310 19325419 19325513 19325544 19325637 19325700 19325840 19325840 19325934 19326246 19326308 19326417 19326511 19326620 19326714 19326854 19326948 19326979 19327119 19327151 19327244 19327338 19327431 19327478 19327556 19327697 19327868 19327806 19327931 19328040 19328149 19328211 19328305 19328336 19328445 19328445 19328555 19328586 19328711 19328835 19328913 19328960 19329038 19329163 19329257 19329257 19329350 19329428 19329522 19329615 19329756 19329740 19329849 19329943 19330052
 0
===
 19331238 19331363 19331347 19331456 19331456 19331581 19331581 19331675 19331721 19331831 19331831 19331909 19332018 19332096 19332111 19332236 19332314 19332423 19332455 19332579 19332642 19332735 19332767 19332876 19332954 19333047 19333094 19333188 19333219 19333313 19333391 19333484 19333609 19333703 19333734 19333843 19333859 19333983 19333952 19334061 19334124 19334202 19334311 19334389 19334545 19334639 19334748 19334826 19334873 19335013 19335044 19335153 19335200 19335309 19335309 19335403 19335512 19335668 19335621 19335762 19335855 19335949 19336074 19336167 19336199 19336292 19336308 19336433 19336448 19336557 19336698 19336791 19336823 19336916 19337057 19337150 19337150 19337244 19337306 19337384 19337509 19337587 19337603 19337712 19337852 19337961
 0
===
 19339787 19339880 19339911 19340005 19340005 19340145 19340161 19340270 19340411 19340520 19340535 19340613 19340738 19340832 19340925 19341050 19341128 19341191 19341269 19341362 19341471 19341565 19341612 19341705 19341877 19341971 19342033 19342158 19342173 19342251 19342314 19342392 19342657 19342735 19342844 19342938 19342985 19343109 19343141 19343234 19343328 19343406 19343499 19343593 19343733 19343827 19343936 19344014 19344077 19344217 19344186 19344311 19344404 19344498 19344607 19344669 19344872 19345013 19344997 19345122 19345169 19345293 19345309 19345434 19345418 19345512 19345527 19345637 19345590 19345715 19345902 19346011 19346042 19346120 19346245 19346370 19346385 19346495 19346573 19346666 19346760 19346869 19346885 19347009 19347165 19347275
 0
===
 19349818 19349911 19350020 19350114 19350161 19350286 19350332 19350426 19350504 19350598 19350613 19350691 19350832 19350925 19351066 19351190 19351315 19351409 19351518 19351596 19351768 19351877 19351892 19352002 19352080 19352173 19352189 19352298 19352298 19352392 19352407 19352501 19352641 19352735 19352906 19353000 19353094 19353218 19353265 19353374 19353421 19353499 19353593 19353671 19353764 19353842 19353967 19354061 19354092 19354232 19354201 19354326 19354388 19354482 19354498 19354591 19354700 19354856 19354810 19354966 19354997 19355106 19355184 19355309 19355293 19355402 19355449 19355574 19355590 19355699 19355855 19355948 19355980 19356058 19356214 19356323 19356370 19356479 19356728 19356775 19356869 19356978 19357009 19357118 19357150 19357259
 0
===
 16072627 16072658 16072751 16072845 16072907 16073048 16073079 16073219 16073297 16073391 16073719 16073859 16073828 16073953 16074249 16074358 16074311 16074436 16074483 16074623 16074733 16074857 16075263 16075372 16075388 16075481 16075762 16075856 16075903 16076027 16075996 16076183 16076277 16076402 16076371 16076480 16076589 16076729 16076776 16076932 16076901 16076995 16077104 16077166 16077743 16077899 16077946 16078055 16078321 16078445 16078477 16078664 16078757 16078867 16078945 16079085 16079335 16079522 16079491 16079647 16079631 16079771 16079881 16079990 16080037 16080115 16080161 16080349 16080380 16080536 16080926 16081035 16081019 16081144 16081316 16081425 16081487 16081581 16081690 16081799 16081877 16081971 16081971 16082065 16082314 0
 0
===
 16085777 16085855 16085887 16085996 16086027 16086136 16086308 16086433 16086807 16086901 16087025 16087119 16087088 16087181 16087400 16087509 16087556 16087665 16087759 16087821 16088242 16088351 16088726 16088866 16088882 16089007 16089163 16089272 16089256 16089365 16089381 16089553 16089896 16090005 16090036 16090130 16090208 16090317 16090426 16090535 16090551 16090645 16090754 16090832 16091097 16091222 16091253 16091362 16091440 16091565 16091612 16091783 16091893 16092049 16092111 16092220 16092345 16092532 16092470 16092641 16092626 16092751 16092813 16092922 16092875 16092953 16093016 16093219 16093172 16093312 16093733 16093811 16093843 16093921 16094045 16094170 16094295 16094373 16094420 16094545 16094591 16094701 16094685 16094763 16094903 0
 1
===
 16097493 16097602 16097602 16097665 16097665 16097805 16097836 16097977 16098429 16098538 16098601 16098694 16098647 16098757 16098944 16099053 16099069 16099178 16099209 16099318 16099646 16099661 16099958 16100067 16100114 16100192 16100317 16100426 16100457 16100566 16100597 16100722 16100956 16101065 16101097 16101190 16101362 16101471 16101549 16101705 16101783 16101877 16102033 16102048 16102157 16102282 16102407 16102516 16103328 16103437 16103515 16103624 16103967 16104045 16104092 16104201 16104342 16104544 16104498 16104622 16104732 16104763 16104778 16104934 16105059 16105137 16105106 16105184 16105870 16105995 16106058 16106151 16106151 16106245 16106432 16106541 16106697 16106775 16106947 16107056 16107087 16107181 16107212 16107290 16107384 0
 6
===
 16109100 16109209 16109256 16109334 16109599 16109724 16110114 16110223 16110488 16110582 16110628 16110738 16110691 16110816 16111346 16111408 16111424 16111486 16111642 16111767 16111908 16112001 16112173 16112298 16112344 16112438 16112688 16112750 16112906 16112984 16113109 16113249 16113655 16113717 16113748 16113842 16113967 16114060 16114138 16114248 16114482 16114544 16114653 16114731 16114872 16114981 16115043 16115137 16115184 16115293 16115355 16115496 16115605 16115667 16115917 16116057 16116151 16116338 16116494 16116572 16116868 16117009 16117274 16117368 16117352 16117430 16117446 16117570 16117617 16117742 16118194 16118257 16118272 16118350 16118506 16118616 16118740 16118834 16118896 16119006 16119068 16119177 16119208 16119286 16119614 0
 0
