===
 33285371 33285512 33285434 33285558 33285558 33285699 33285746 33285886 33285792 33285964 33285980 33286089 33286011 33286136 33286182 33286323 33286354 33286448 33286510 33286635 33286728 33286822 33286838 33286947 33286962 33287056 33287087 33287212 33287274 33287352 33287602 33287727 33287883 33287976 33287976 33288054 33288117 33288242 33288351 33288491 33288507 33288600 33288678 33288788 33288928 33289037 33289006 33289131 33289178 33289287 33289396 33289521 33289583 33289677 33289708 33289802 33289973 33290051 33290114 33290223 33290285 33290426 33290426 33290535 33290550 33290644 33290706 33290831 33290940 33291018 33291096 33291190 33291237 33291330 33291518 33291611 33291720 33291798 33291876 33291986 33292095 33292204 33292235 33292344 33292376 0
 0
===
 33445834 33442963 33445927 33445974 33446068 33446037 33446286 33446271 33446489 33446411 33446614 33446629 33446676 33446770 33446848 33446801 33446988 33447019 33447160 33447113 33447285 33447316 33447409 33447394 33447503 33447519 33447628 33447628 33447799 33447753 33448065 33447924 33448314 33448189 33448439 33448423 33448548 33448548 33448813 33448673 33448938 33448907 33449110 33449032 33449328 33449203 33449391 33449437 33449578 33449547 33449703 33449749 33449905 33449827 33450030 33450046 33450233 33450139 33450327 33450389 33450529 33450451 33450701 33450685 33450810 33450826 33450951 33450919 33451216 33451075 33451372 33451356 33451543 33451497 33451887 33451653 33452011 33451980 33452277 33452121 33452620 33452401 33452745 33452713 33452885 33452869
 0
===
 33458470 33458610 33458548 33458657 33458720 33458907 33458922 33459063 33459141 33459281 33459297 33459437 33459344 33459500 33459562 33459702 33459718 33459827 33459905 33460014 33460046 33460139 33460170 33460280 33460264 33460389 33460389 33460514 33460560 33460670 33460701 33460826 33460982 33461075 33461091 33461200 33461231 33461356 33461403 33461512 33461559 33461668 33461777 33461886 33462027 33462152 33462152 33462276 33462386 33462526 33462557 33462682 33462744 33462838 33462994 33463072 33463228 33463384 33463306 33463446 33463493 33463649 33463696 33463805 33463868 33463961 33463992 33464180 33464164 33464289 33464320 33464429 33464460 33464554 33464710 33464835 33464850 33464928 33464991 33465100 33465209 33465334 33465412 33465506 33465599 33452869
 0
===
 33493321 33493477 33493461 33493570 33493586 33493804 33493726 33493882 33493945 33494085 33494069 33494194 33494101 33494241 33494303 33494444 33494413 33494537 33494631 33494756 33494849 33494943 33494959 33495099 33495099 33495224 33495239 33495349 33495411 33495505 33495614 33495754 33495910 33496004 33496035 33496144 33496160 33496269 33496347 33496487 33496550 33496659 33496753 33496846 33496987 33497111 33497065 33497205 33497221 33497377 33497377 33497517 33497564 33497657 33497735 33497845 33497985 33498110 33498032 33498188 33498266 33498422 33498500 33498578 33498609 33498718 33498765 33498937 33498983 33499108 33499155 33499280 33499280 33499373 33499529 33499670 33499717 33499795 33499873 33499982 33500091 33500185 33500231 33500356 33500372 0
 0
===
 33518296 33518437 33518359 33518484 33518515 33518671 33518702 33518858 33518827 33518967 33519061 33519232 33519154 33519279 33519420 33519560 33519622 33519732 33519778 33519888 33519919 33520012 33520044 33520184 33520153 33520262 33520278 33520402 33520465 33520590 33520730 33520839 33520980 33521073 33521089 33521214 33521198 33521323 33521448 33521557 33521697 33521775 33521853 33521947 33522118 33522212 33522181 33522337 33522384 33522524 33522602 33522742 33522805 33522898 33522976 33523101 33523242 33523382 33523304 33523444 33523678 33523819 33523897 33524006 33524006 33524100 33524131 33524240 33524287 33524443 33524458 33524568 33524646 33524755 33524926 33525036 33525082 33525160 33525207 33525332 33525410 33525550 33525597 33525706 33525738 0
 0
===
 33531588 33531728 33531697 33531806 33531853 33531993 33532040 33532180 33532243 33532368 33532446 33532586 33532492 33532617 33532695 33532804 33532851 33532976 33533023 33533148 33533194 33533304 33533304 33533428 33533444 33533553 33533584 33533694 33533756 33533850 33533912 33534021 33534162 33534255 33534240 33534364 33534411 33534520 33534661 33534770 33534848 33534926 33534988 33535082 33535238 33535378 33535316 33535456 33535488 33535644 33535644 33535784 33535878 33535971 33536065 33536174 33536299 33536455 33536392 33536517 33536580 33536704 33536751 33536876 33536860 33536970 33536985 33537126 33537172 33537297 33537375 33537484 33537562 33537672 33537781 33537859 33537921 33538015 33538108 33538202 33538327 33538436 33538467 33538561 33538608 0
 2
===
 33543662 33543802 33543771 33543896 33543927 33544114 33544130 33544270 33544348 33544458 33544504 33544629 33544536 33544676 33544723 33544863 33544879 33544972 33545004 33545144 33545175 33545284 33545300 33545409 33545425 33545534 33545550 33545659 33545706 33545815 33545877 33546002 33546127 33546220 33546220 33546330 33546376 33546486 33546595 33546720 33546782 33546860 33546938 33547016 33547172 33547281 33547235 33547391 33547391 33547547 33547562 33547687 33547765 33547859 33547937 33548046 33548186 33548342 33548295 33548451 33548405 33548545 33548607 33548717 33548717 33548810 33548857 33548982 33549029 33549153 33549231 33549341 33549403 33549497 33549637 33549762 33549762 33549855 33549902 33549996 33550105 33550214 33550261 33550386 33550401 0
 0
===
 33556485 33556641 33556595 33556704 33556766 33556938 33556953 33557078 33557125 33557265 33557297 33557453 33557390 33557499 33557577 33557702 33557733 33557843 33557889 33558014 33558030 33558139 33558155 33558264 33558248 33558357 33558404 33558498 33558576 33558669 33558794 33558903 33559059 33559137 33559137 33559262 33559278 33559403 33559481 33559590 33559621 33559715 33559824 33559917 33560105 33560214 33560183 33560307 33560307 33560417 33560448 33560573 33560697 33560791 33560994 33561087 33561228 33561399 33561353 33561477 33561587 33561727 33561743 33561883 33561852 33561945 33562008 33562164 33562179 33562335 33562367 33562476 33562523 33562601 33562741 33562881 33562881 33562959 33563037 33563147 33563256 33563365 33563396 33563490 33563552 0
 1
===
 33568544 33568669 33568653 33568747 33568763 33568919 33568934 33569075 33569137 33569277 33569340 33569465 33569402 33569527 33569574 33569699 33569730 33569839 33569886 33570011 33570073 33570167 33570167 33570291 33570354 33570447 33570479 33570588 33570666 33570759 33570869 33570993 33571118 33571227 33571196 33571305 33571368 33571508 33571508 33571617 33571727 33571805 33571914 33572007 33572195 33572304 33572241 33572397 33572413 33572553 33572507 33572631 33572756 33572850 33572865 33572975 33573115 33573240 33573162 33573302 33573489 33573630 33573723 33573833 33573864 33573989 33573989 33574145 33574160 33574316 33574519 33574659 33574675 33574784 33574956 33575049 33575112 33575205 33575283 33575393 33575502 33575611 33575627 33575720 33575783 0
 0
