===
 23976760 23976901 23976901 23976979 23977057 23977197 23977291 23977384 23977494 23977603 23977681 23977837 23977759 23977899 23977993 23978102 23978133 23978242 23978352 23978476 23978539 23978617 23978664 23978773 23978804 23978898 23978944 23979007 23979178 23979256 23979600 23979740 23979849 23979943 23979990 23980068 23980114 23980208 23980411 23980504 23980598 23980676 23980801 23980879 23981050 23981128 23981222 23981316 23981378 23981487 23981581 23981674 23981752 23981830 23981908 23982002 23982158 23982252 23982361 23982454 23982579 23982704 23982782 23982876 23982876 23982954 23983000 23983110 23983312 23983437 23983515 23983624 23983656 23983749 23983890 23984030 23983983 23984061 23984342 23984436 23984607 23984685 23984732 23984826 23984872 23984935
 0
===
 23986729 23986822 23986838 23986900 23986994 23987072 23987181 23987306 23987446 23987540 23987602 23987727 23987790 23987883 23987992 23988086 23988102 23988211 23988273 23988398 23988414 23988507 23988554 23988694 23988710 23988819 23988866 23988975 23989006 23989084 23989334 23989443 23989708 23989786 23989802 23989896 23989927 23990036 23990208 23990332 23990364 23990442 23990551 23990629 23990800 23990894 23990910 23991019 23991066 23991159 23991268 23991393 23991456 23991580 23991658 23991768 23991939 23992111 23992033 23992189 23992158 23992314 23992360 23992454 23992438 23992532 23992563 23992672 23992828 23992953 23992984 23993078 23993140 23993234 23993406 23993499 23993889 23993967 23994123 23994201 23994607 23994732 23994763 23994856 23995356 23995434
 3
===
 23997025 23997150 23997134 23997228 23997259 23997415 23997462 23997602 23997649 23997774 23997743 23997914 23997836 23997930 23997961 23998070 23998070 23998179 23998538 23998647 23998725 23998835 23998866 23998975 23998975 23999084 23999100 23999193 23999225 23999303 23999693 23999786 23999927 24000020 24000036 24000145 24000145 24000239 24000348 24000473 24000535 24000582 24001346 24001440 24001658 24001736 24001799 24001923 24001970 24002064 24002142 24002251 24002298 24002376 24002407 24002516 24002657 24002797 24002735 24002891 24002859 24002984 24003047 24003156 24003109 24003218 24003265 24003390 24003452 24003561 24003624 24003717 24003733 24003827 24004248 24004373 24004544 24004622 24004763 24004841 24004934 24005043 24005059 24005153 24005199 24005262
 0
===
 24007149 24007259 24007243 24007337 24007337 24007430 24007555 24007680 24007695 24007820 24007836 24007976 24007898 24008023 24008101 24008241 24008319 24008413 24008475 24008569 24008600 24008678 24008709 24008819 24008834 24008928 24008943 24009068 24009224 24009318 24009443 24009552 24009895 24009973 24009989 24010082 24010145 24010238 24010394 24010488 24010503 24010613 24010706 24010800 24010971 24011081 24011049 24011174 24011205 24011346 24011283 24011408 24011455 24011564 24011642 24011751 24011814 24011970 24011939 24012063 24012219 24012344 24012485 24012594 24012594 24012672 24012703 24012859 24012875 24013015 24013046 24013155 24013187 24013280 24013421 24013514 24013545 24013623 24013733 24013842 24013967 24014076 24014076 24014169 24014247 24014325
 0
===
 24443188 24443328 24443281 24443375 24443406 24443515 24443640 24443781 24443781 24443890 24443937 24444093 24444015 24444124 24444171 24444295 24444327 24444451 24444498 24444607 24444639 24444748 24444763 24444873 24444857 24444966 24444997 24445107 24445107 24445185 24445419 24445512 24445668 24445762 24445746 24445855 24445887 24446011 24446058 24446167 24446323 24446401 24446526 24446620 24446776 24446901 24446885 24446994 24446979 24447119 24447103 24447244 24447275 24447369 24447525 24447618 24447743 24447915 24447821 24447977 24447946 24448086 24448102 24448242 24448227 24448305 24448336 24448476 24448632 24448757 24448773 24448882 24448897 24448975 24449100 24449209 24449194 24449287 24449365 24449412 24449521 24449615 24449646 24449740 24449802 24449880
 0
===
 24451409 24451534 24451503 24451612 24451627 24451783 24451877 24451971 24452033 24452158 24452205 24452345 24452283 24452392 24452454 24452563 24452657 24452751 24452797 24452938 24452969 24453063 24453094 24453203 24453219 24453312 24453328 24453453 24453546 24453640 24453718 24453827 24453999 24454092 24454077 24454170 24454233 24454357 24454373 24454482 24454623 24454701 24454794 24454888 24455059 24455137 24455200 24455293 24455371 24455496 24455481 24455621 24455637 24455730 24455839 24455933 24456073 24456261 24456151 24456292 24456245 24456401 24456463 24456557 24456526 24456635 24456651 24456791 24456916 24457041 24457072 24457181 24457212 24457306 24457524 24457618 24457805 24457883 24457961 24458055 24458164 24458257 24458273 24458351 24458413 24458491
 0
===
 24460005 24460129 24460098 24460176 24460207 24460348 24460441 24460535 24460597 24460707 24460738 24460878 24460800 24460925 24461003 24461143 24461206 24461299 24461346 24461471 24461565 24461689 24461892 24462001 24462017 24462095 24462126 24462220 24462298 24462376 24462563 24462688 24463047 24463140 24463203 24463281 24463327 24463452 24463483 24463577 24463639 24463733 24463811 24463889 24464045 24464154 24464123 24464248 24464248 24464388 24464357 24464466 24464513 24464622 24464700 24464809 24464919 24465075 24464997 24465137 24465106 24465277 24465465 24465558 24465621 24465699 24465761 24465902 24465870 24465980 24466026 24466120 24466167 24466229 24466385 24466479 24466494 24466572 24466635 24466744 24466978 24467056 24467103 24467196 24467212 24467274
 0
===
 24468647 24468756 24468725 24468803 24468850 24469006 24469053 24469146 24469256 24469365 24469380 24469505 24469443 24469552 24469646 24469755 24469770 24469880 24469989 24470051 24470270 24470363 24470410 24470504 24470535 24470628 24470644 24470753 24470800 24470862 24471096 24471206 24471408 24471486 24471533 24471611 24471658 24471720 24471908 24472001 24472095 24472173 24472282 24472360 24472516 24472610 24472563 24472703 24472719 24472859 24472812 24472937 24473109 24473202 24473280 24473374 24473577 24473717 24473655 24473780 24473873 24473998 24474154 24474263 24474279 24474357 24474419 24474544 24474591 24474716 24474809 24474918 24474950 24475028 24475184 24475293 24475433 24475511 24475605 24475698 24475823 24475917 24475948 24476057 24476120 24476198
 0
===
 24477383 24477524 24477508 24477602 24477617 24477758 24477867 24477960 24478085 24478194 24478304 24478397 24478335 24478460 24478553 24478662 24478678 24478787 24478850 24478990 24479037 24479115 24479177 24479286 24479318 24479380 24479427 24479505 24479630 24479723 24479801 24479910 24480082 24480160 24480191 24480300 24480347 24480472 24480597 24480706 24480800 24480862 24480971 24481049 24481221 24481314 24481392 24481486 24481658 24481736 24481876 24481970 24482001 24482079 24482204 24482313 24482453 24482594 24482516 24482656 24482765 24482890 24482984 24483093 24483108 24483186 24483280 24483405 24483483 24483623 24483686 24483779 24483826 24483920 24484044 24484154 24484200 24484294 24484403 24484481 24484637 24484746 24484902 24484980 24485136 24485214
 0
===
 27733108 27733218 27733171 27733264 27733296 27733498 27733452 27733592 27733498 27733670 27733748 27733888 27733842 27733920 27733935 27734060 27734076 27734185 27734278 27734403 27734419 27734497 27734512 27734622 27734606 27734715 27734731 27734856 27734871 27734949 27735214 27735324 27735448 27735526 27735542 27735636 27735651 27735792 27735760 27735854 27736041 27736135 27736197 27736275 27736462 27736587 27736540 27736696 27736852 27737008 27736993 27737133 27737164 27737274 27737274 27737367 27737508 27737679 27737601 27737773 27737882 27738022 27738085 27738210 27738288 27738381 27738428 27738537 27738662 27738787 27738834 27738912 27739052 27739146 27739302 27739411 27739442 27739520 27739614 27739707 27739848 27739957 27739972 27740050 27740097 0
 0
===
 27742437 27742562 27742562 27742656 27742687 27742812 27742999 27743124 27743202 27743295 27743342 27743467 27743389 27743498 27743717 27743779 27745277 27745355 27745448 27745557 27745760 27745838 27745885 27745994 27746010 27746088 27746103 27746213 27746259 27746353 27746431 27746525 27746681 27746774 27746790 27746883 27746899 27747039 27747039 27747133 27747133 27747227 27747351 27747429 27747601 27747726 27747679 27747819 27747851 27747991 27747929 27748069 27748147 27748241 27748350 27748428 27748631 27748802 27748709 27748880 27748896 27749052 27749036 27749177 27749161 27749270 27749317 27749457 27749504 27749613 27749707 27749816 27749847 27749925 27750050 27750175 27750191 27750269 27750315 27750393 27750534 27750643 27750690 27750799 27750830 0
 1
===
 27752187 27752312 27752250 27752343 27752390 27752624 27752671 27752765 27752843 27752967 27752936 27753092 27753014 27753123 27753217 27753326 27753326 27753404 27753482 27753607 27753591 27753685 27753716 27753810 27753825 27753919 27753935 27754028 27754091 27754184 27754340 27754449 27754574 27754668 27754683 27754777 27754808 27754964 27754949 27755073 27754995 27755089 27755198 27755276 27755463 27755573 27755541 27755666 27755697 27755822 27755775 27755900 27756103 27756197 27756321 27756415 27756587 27756758 27756711 27756852 27756883 27757055 27757039 27757179 27757226 27757320 27757351 27757476 27757679 27757803 27757913 27758037 27758037 27758115 27758240 27758349 27758365 27758443 27758505 27758568 27758693 27758802 27758786 27758880 27758942 0
 0
===
 27761469 27761610 27761563 27761688 27761703 27761844 27761953 27762062 27762140 27762249 27762234 27762405 27762296 27762405 27762452 27762561 27762593 27762671 27762936 27763045 27763029 27763139 27763170 27763295 27763310 27763419 27763404 27763529 27763591 27763669 27763934 27764012 27764215 27764293 27764309 27764418 27764418 27764558 27764558 27764667 27764636 27764714 27764808 27764901 27765042 27765198 27765151 27765260 27765245 27765401 27765354 27765463 27765510 27765619 27765635 27765759 27765869 27766040 27765993 27766118 27766243 27766352 27767007 27767101 27767101 27767179 27767210 27767397 27767366 27767507 27767865 27767990 27768006 27768084 27768224 27768333 27768318 27768396 27768443 27768536 27768661 27768770 27768786 27768879 27768942 0
 0
===
 33236153 33236309 33236247 33236387 33236293 33236481 33236465 33236559 33236512 33236668 33236637 33236761 33236699 33236808 33236871 33237011 33237027 33237136 33237183 33237307 33237323 33237417 33237432 33237557 33237526 33237635 33237682 33237791 33237807 33237900 33237978 33238087 33238212 33238306 33238290 33238399 33238415 33238555 33238493 33238602 33238602 33238711 33238727 33238805 33238961 33239039 33238992 33239148 33239133 33239273 33239195 33239320 33239335 33239429 33239523 33239632 33239772 33239881 33239819 33239975 33239959 33240084 33240131 33240271 33240256 33240349 33240365 33240552 33240505 33240630 33240942 33241067 33241051 33241129 33241254 33241348 33241379 33241457 33241488 33241597 33241691 33241785 33241800 33241878 33241925 0
 0
===
 19683753 19683862 19683847 19683956 19683972 19684112 19684112 19684268 19684237 19684377 19684424 19684564 19684486 19684596 19684720 19684861 19684923 19685032 19685064 19685188 19685220 19685313 19685344 19685438 19685454 19685563 19685547 19685641 19685859 19685984 19686015 19686124 19686421 19686499 19686530 19686655 19686655 19686780 19686748 19686858 19686904 19687014 19687076 19687185 19687326 19687466 19687450 19687560 19687606 19687762 19687731 19687856 19687965 19688106 19688152 19688230 19688402 19688574 19688480 19688605 19688698 19688870 19688932 19689057 19689073 19689182 19689166 19689260 19689447 19689588 19689634 19689759 19689759 19689837 19689962 19690087 19690102 19690196 19690243 19690336 19690446 19690539 19690555 19690680 19690695 19690789
 0
===
 19700867 19700960 19702536 19702645 19702598 19702692 19702739 19702926 19702863 19703004 19703113 19703222 19703222 19703378 19703300 19703425 19703565 19703659 19703768 19703877 19703940 19704065 19704065 19704143 19704189 19704283 19704283 19704392 19704408 19704501 19704564 19704673 19704891 19705016 19705250 19705344 19705359 19705484 19705812 19705890 19705968 19706093 19706124 19706217 19706280 19706358 19706592 19706717 19706670 19706810 19706826 19706935 19706982 19707107 19707153 19707278 19707403 19707497 19707637 19707809 19707746 19707855 19707855 19707996 19708089 19708199 19708167 19708277 19708323 19708495 19708526 19708651 19708745 19708869 19708869 19708979 19709088 19709228 19709228 19709306 19709384 19709462 19709571 19709665 19709696 19709805
 1
===
 19709837 19709946 19711802 19711974 19711943 19712067 19712114 19712223 19712395 19712535 19712551 19712676 19712676 19712816 19712754 19712847 19712941 19713066 19713097 19713222 19713503 19713612 19714673 19714782 19714782 19714891 19714891 19715000 19715016 19715109 19715141 19715234 19715281 19715406 19715499 19715593 19715624 19715765 19715733 19715843 19716123 19716248 19716326 19716404 19716482 19716576 19716716 19716841 19716810 19716919 19716981 19717106 19717184 19717309 19717293 19717418 19717512 19717652 19717761 19717949 19717808 19717995 19717964 19718151 19718183 19718292 19718276 19718370 19718385 19718557 19718495 19718635 19718666 19718791 19718838 19718931 19719041 19719181 19719165 19719243 19719290 19719415 19719509 19719602 19719633 19719743
 0
===
 19740631 19740787 19740725 19740818 19740896 19741037 19741162 19741286 19741380 19741505 19741505 19741645 19741583 19741692 19741817 19741942 19742004 19742098 19742129 19742254 19742269 19742363 19742394 19742534 19742503 19742612 19742644 19742737 19742784 19742909 19743049 19743190 19743330 19743424 19743392 19743517 19743548 19743673 19743704 19743829 19743860 19743970 19744016 19744110 19744313 19744438 19744406 19744547 19744578 19744718 19744672 19744812 19744812 19744937 19744952 19745062 19745155 19745311 19745249 19745420 19745389 19745561 19745576 19745701 19745686 19745810 19745810 19745920 19745982 19746107 19746154 19746278 19746294 19746388 19746528 19746668 19746746 19746840 19746949 19747090 19747261 19747386 19747402 19747526 19747651 19747760
 0
===
 19749289 19749430 19749398 19749508 19749523 19749679 19749632 19749820 19749820 19749960 19749929 19750100 19750022 19750116 19750178 19750303 19750272 19750397 19750724 19750849 19750880 19750990 19751021 19751130 19751146 19751239 19751270 19751380 19751395 19751504 19751551 19751692 19751957 19752050 19752050 19752175 19752160 19752316 19752284 19752409 19752347 19752456 19752518 19752612 19752768 19752893 19752877 19752986 19753002 19753127 19753096 19753205 19753236 19753361 19753361 19753486 19753595 19753767 19753673 19753845 19753829 19754032 19754032 19754157 19754125 19754235 19754250 19754375 19754422 19754547 19754593 19754718 19754734 19754812 19754937 19755077 19755061 19755139 19755186 19755280 19755373 19755483 19755467 19755545 19755607 19755732
 0
===
 19757682 19757776 19757745 19757838 19757916 19758025 19758088 19758213 19758244 19758353 19758369 19758509 19758478 19758540 19758603 19758727 19758805 19758915 19758946 19759055 19759258 19759351 19759383 19759492 19759476 19759617 19759601 19759695 19759726 19759819 19759913 19760053 19760116 19760209 19760225 19760350 19760334 19760475 19760521 19760646 19760709 19760787 19760880 19760974 19761114 19761239 19761208 19761317 19761317 19761442 19761364 19761473 19761489 19761613 19761613 19761723 19761816 19762003 19761941 19762081 19762050 19762237 19762222 19762347 19762315 19762409 19762456 19762596 19762534 19762674 19762705 19762830 19762861 19762924 19763049 19763173 19763142 19763236 19763267 19763392 19763470 19763563 19763563 19763673 19763704 19763766
 0
===
 19765123 19765248 19765233 19765342 19765357 19765498 19765576 19765701 19765716 19765841 19765810 19765935 19765872 19765997 19766075 19766200 19766247 19766340 19766356 19766496 19766512 19766605 19766652 19766777 19766793 19766855 19766886 19766995 19767042 19767151 19767323 19767448 19767510 19767604 19767635 19767760 19767744 19767853 19768056 19768181 19768275 19768353 19768415 19768509 19768649 19768774 19768743 19768852 19768867 19768977 19768914 19769039 19769039 19769148 19769179 19769289 19769398 19769538 19769460 19769601 19769569 19769741 19769803 19769881 19769819 19769928 19770240 19770334 19770459 19770568 19770630 19770739 19770724 19770802 19770942 19771067 19771114 19771192 19771457 19771551 19771644 19771738 19771785 19771878 19771909 19772003
 0
===
 19773189 19773298 19773282 19773391 19773407 19773532 19773547 19773688 19773735 19773844 19773828 19773969 19773906 19774031 19774093 19774218 19774281 19774390 19774405 19774530 19774577 19774655 19774702 19774795 19774795 19774905 19774905 19774998 19775029 19775107 19775388 19775482 19775653 19775731 19775747 19775856 19775856 19775965 19775950 19776043 19776028 19776121 19776184 19776277 19776449 19776574 19776543 19776683 19776652 19776777 19776761 19776917 19776870 19776995 19777073 19777182 19777276 19777432 19777354 19777525 19777494 19777650 19777713 19777837 19777853 19777962 19777978 19778087 19778212 19778321 19778383 19778524 19778508 19778602 19778758 19778867 19778945 19779039 19779195 19779319 19779382 19779475 19779491 19779616 19779647 19779741
 0
===
 19798086 19798211 19798149 19798258 19798305 19798445 19798461 19798617 19798601 19798742 19798742 19798913 19798820 19798944 19799210 19799350 19799366 19799459 19799490 19799615 19799631 19799740 19799740 19799849 19799849 19799958 19799943 19800052 19800099 19800208 19800333 19800473 19800692 19800801 19800801 19800894 19800910 19801035 19801019 19801144 19801066 19801175 19801222 19801331 19801472 19801596 19801550 19801674 19801643 19801799 19801737 19801877 19802454 19802579 19802626 19802735 19802829 19803047 19802907 19803063 19803016 19803172 19803203 19803328 19803281 19803406 19803422 19803609 19803546 19803671 19803765 19803874 19803921 19804030 19804202 19804326 19804389 19804482 19804794 19804904 19805013 19805106 19805153 19805278 19805340 19805434
 3
===
 19821752 19821877 19821830 19821939 19821986 19822111 19822142 19822298 19822251 19822391 19822454 19822563 19822469 19822610 19822719 19822844 19822922 19823031 19823047 19823171 19823187 19823296 19823327 19823421 19823390 19823515 19823515 19823639 19823655 19823780 19823967 19824092 19824201 19824295 19824295 19824404 19824419 19824544 19824560 19824669 19824653 19824763 19824825 19824919 19825075 19825199 19825168 19825293 19825309 19825433 19825387 19825496 19825527 19825636 19825636 19825761 19825870 19826026 19825979 19826120 19826089 19826229 19826276 19826401 19826385 19826479 19826525 19826635 19826837 19826962 19827165 19827274 19827290 19827383 19827508 19827633 19827649 19827711 19827929 19828039 19828117 19828210 19828241 19828335 19828475 19828569
 0
===
 19830020 19830145 19830129 19830223 19830238 19830379 19830394 19830535 19830503 19830644 19830613 19830769 19830691 19830800 19830831 19830940 19830925 19831018 19831408 19831517 19831595 19831689 19831751 19831861 19831861 19831954 19831970 19832063 19832110 19832204 19832422 19832547 19832687 19832781 19832812 19832906 19832921 19833046 19832999 19833093 19833124 19833233 19833265 19833358 19833530 19833623 19833592 19833733 19833717 19833842 19833779 19833904 19833904 19834013 19834029 19834154 19834247 19834403 19834372 19834513 19834481 19834622 19834653 19834762 19834778 19834825 19834871 19834965 19835308 19835433 19835464 19835573 19835573 19835651 19835792 19835917 19835885 19835979 19836057 19836166 19836291 19836369 19836400 19836494 19836509 19836603
 0
===
 19837960 19838085 19838069 19838179 19838163 19838288 19838335 19838475 19838491 19838615 19838615 19838771 19838678 19838787 19838912 19838990 19840160 19840269 19840378 19840472 19840721 19840815 19840877 19840987 19841018 19841096 19841096 19841189 19841267 19841361 19841501 19841611 19841735 19841813 19841829 19841923 19841938 19842079 19842032 19842141 19842141 19842235 19842297 19842391 19842562 19842671 19842625 19842749 19842765 19842921 19842827 19842952 19842968 19843108 19843124 19843233 19843327 19843514 19843451 19843607 19843607 19843763 19843888 19844013 19844044 19844153 19844185 19844294 19844403 19844528 19844559 19844668 19844699 19844777 19844933 19845058 19845058 19845152 19845277 19845370 19845479 19845589 19845589 19845682 19845776 19845869
 1
===
 19847586 19847679 19847648 19847757 19847773 19847929 19847898 19848038 19848022 19848178 19848132 19848256 19848210 19848303 19848366 19848475 19848506 19848631 19848646 19848771 19848787 19848880 19848896 19849005 19849021 19849099 19849114 19849208 19849255 19849333 19849707 19849816 19850253 19850362 19850394 19850487 19850487 19850565 19850799 19850908 19850971 19851064 19851111 19851205 19851361 19851486 19851439 19851579 19851564 19851704 19851642 19851766 19851782 19851891 19851907 19852032 19852125 19852266 19852203 19852375 19852328 19852484 19852500 19852624 19852609 19852702 19852734 19852843 19853092 19853233 19853311 19853420 19853451 19853545 19853826 19853950 19853966 19854044 19854200 19854278 19854372 19854465 19854465 19854574 19854606 19854699
 0
===
 19856103 19856212 19856181 19856275 19856306 19856431 19856524 19856665 19856618 19856758 19856790 19856930 19856836 19856946 19857024 19857148 19857133 19857242 19857507 19857632 19857663 19857757 19857804 19857882 19857882 19857991 19857975 19858100 19858162 19858272 19858350 19858459 19858599 19858677 19858708 19858818 19858818 19858958 19858927 19859020 19859005 19859098 19859176 19859270 19859395 19859520 19859488 19859598 19859613 19859769 19859691 19859800 19859832 19859941 19859956 19860066 19860175 19860315 19860268 19860409 19860378 19860534 19860596 19860721 19860736 19860830 19860846 19860955 19861080 19861220 19861298 19861423 19861423 19861516 19861688 19861782 19861813 19861906 19862078 19862187 19862265 19862390 19862390 19862484 19862484 19862593
 2
===
 23967120 23967244 23967244 23967322 23967400 23967541 23967619 23967728 23967806 23967931 23967962 23968118 23968040 23968149 23968196 23968336 23968336 23968446 23968508 23968633 23968648 23968742 23968804 23968914 23968898 23969007 23969038 23969132 23969163 23969257 23969413 23969506 23969959 23970052 23970068 23970162 23970177 23970271 23970458 23970583 23970676 23970754 23970864 23970926 23971098 23971191 23971254 23971363 23971425 23971550 23971628 23971722 23971846 23971924 23972002 23972096 23972252 23972392 23972330 23972455 23972533 23972673 23972751 23972829 23972860 23972938 23972970 23973079 23973282 23973422 23973438 23973531 23973609 23973703 23973999 23974124 23974264 23974358 23974420 23974498 23974639 23974732 23974764 23974873 23974920 23974998
 0
===
 33295371 33295511 33295464 33295527 33295636 33295761 33295808 33295948 33296026 33296151 33296213 33296338 33296260 33296385 33296447 33296588 33296681 33296806 33296837 33296962 33297009 33297103 33297118 33297227 33297212 33297337 33297352 33297461 33297508 33297602 33297727 33297820 33297976 33298070 33298085 33298179 33298210 33298335 33298382 33298507 33298538 33298631 33298741 33298819 33298975 33299053 33299037 33299177 33299255 33299411 33299427 33299536 33299645 33299739 33299833 33299957 33300113 33300269 33300223 33300363 33300394 33300535 33300566 33300691 33300706 33300800 33300815 33301018 33300987 33301127 33301205 33301330 33301377 33301455 33301642 33301751 33301798 33301861 33301985 33302095 33302188 33302313 33302360 33302453 33302485 0
 0
===
 33304965 33305090 33305043 33305137 33305293 33305480 33305573 33305683 33305761 33305885 33305932 33306073 33305995 33306104 33306213 33306338 33306353 33306463 33306509 33306619 33306681 33306790 33306790 33306915 33306915 33307024 33307055 33307165 33307258 33307383 33307508 33307617 33307711 33307820 33307851 33307945 33307976 33308116 33308147 33308257 33308444 33308522 33308647 33308740 33308912 33309037 33309005 33309115 33309271 33309411 33309442 33309567 33309676 33309770 33309895 33309988 33310160 33310316 33310253 33310378 33310534 33310675 33310753 33310877 33310893 33310987 33311096 33311221 33311377 33311517 33311564 33311673 33311704 33311782 33312001 33312079 33312141 33312203 33312328 33312422 33312562 33312671 33312749 33312843 33312952 0
 0
===
 33315074 33315199 33315152 33315261 33315417 33315511 33315713 33315838 33315947 33316041 33316181 33316259 33316353 33316431 33316540 33316649 33316696 33316790 33316915 33317086 33317211 33317289 33317336 33317429 33317445 33317554 33317585 33317695 33317851 33317929 33318085 33318194 33318334 33318428 33318443 33318537 33318599 33318693 33318865 33318943 33319052 33319114 33319208 33319286 33319504 33319598 33319676 33319769 33319879 33319957 33320113 33320206 33320253 33320347 33320456 33320549 33320705 33320846 33320799 33320939 33321095 33321236 33321314 33321423 33321439 33321517 33321595 33321766 33321751 33321875 33321953 33322047 33322109 33322219 33322375 33322499 33322531 33322609 33322718 33322827 33322952 33323077 33323123 33323217 33323264 0
 0
===
 33324746 33324871 33324839 33324933 33325011 33325120 33325245 33325385 33325495 33325604 33325666 33325869 33325822 33325947 33326103 33326228 33326306 33326399 33326446 33326587 33326602 33326696 33326711 33326836 33326821 33326930 33326961 33327070 33327101 33327195 33327398 33327523 33327647 33327757 33327757 33327850 33327897 33328022 33328193 33328318 33328412 33328474 33328568 33328646 33328864 33328958 33328927 33329052 33329114 33329208 33329317 33329426 33329473 33329582 33329691 33329769 33329956 33330097 33330034 33330159 33330315 33330440 33330534 33330643 33330643 33330721 33330814 33330955 33331142 33331267 33331282 33331407 33331454 33331563 33331735 33331813 33331875 33331984 33332125 33332218 33332374 33332452 33332530 33332608 33332686 0
 2
===
 33366008 33366149 33366071 33366164 33366227 33366414 33366445 33366585 33366663 33366788 33366788 33366944 33366866 33367007 33367100 33367225 33367225 33367350 33367397 33367537 33367584 33367677 33367693 33367802 33367802 33367896 33367927 33368036 33368099 33368192 33368317 33368442 33368582 33368691 33368676 33368769 33368832 33368941 33369081 33369222 33369300 33369362 33369440 33369518 33369674 33369783 33369799 33369924 33370033 33370142 33370236 33370361 33370376 33370470 33370532 33370657 33370782 33370907 33370907 33371016 33371141 33371297 33371375 33371484 33371468 33371546 33371624 33371749 33371780 33371952 33371999 33372092 33372170 33372295 33372435 33372560 33372576 33372654 33372732 33372857 33373215 33373325 33373356 33373465 33373512 0
 0
===
 33379674 33379814 33379767 33379877 33379923 33380064 33380157 33380298 33380407 33380532 33380579 33380719 33380657 33380781 33380875 33381015 33381156 33381249 33381327 33381468 33381499 33381593 33381639 33381764 33381764 33381873 33381873 33381998 33382029 33382123 33382373 33382466 33382575 33382669 33382685 33382778 33382841 33382965 33383043 33383153 33383309 33383355 33383433 33383511 33383683 33383745 33383855 33383948 33384042 33384135 33384229 33384369 33384401 33384494 33384572 33384697 33384837 33384978 33384915 33385040 33385134 33385274 33385399 33385524 33385508 33385586 33385680 33385805 33385945 33386070 33386132 33386226 33386288 33386397 33386538 33386678 33386678 33386772 33386819 33386943 33387084 33387209 33387318 33387411 33387536 0
 0
===
 33393605 33393745 33393698 33393808 33393823 33394026 33394088 33394213 33394322 33394447 33394463 33394588 33394494 33394634 33394681 33394822 33394837 33394946 33395040 33395165 33395180 33395274 33395290 33395383 33395383 33395492 33395524 33395617 33395664 33395742 33396070 33396194 33396304 33396413 33396428 33396506 33396553 33396694 33396694 33396803 33396865 33396943 33397037 33397130 33397302 33397411 33397364 33397505 33397536 33397661 33397723 33397864 33397879 33397988 33398113 33398222 33398363 33398488 33398472 33398597 33398722 33398862 33398940 33399049 33399065 33399158 33399205 33399314 33399424 33399548 33399626 33399720 33399782 33399876 33400063 33400157 33400204 33400297 33400391 33400500 33400640 33400734 33400765 33400859 33400906 0
 0
===
 33405757 33405898 33405913 33405991 33406054 33406194 33406272 33406397 33406475 33406600 33406646 33406787 33406724 33406849 33406880 33407021 33407052 33407161 33407255 33407395 33407411 33407504 33407536 33407660 33407614 33407723 33407785 33407894 33407957 33408050 33408316 33408440 33408503 33408628 33408628 33408737 33408768 33408924 33408924 33409033 33409189 33409267 33409345 33409439 33409595 33409704 33409673 33409798 33409844 33409969 33410047 33410156 33410219 33410312 33410359 33410484 33410609 33410749 33410702 33410827 33410952 33411092 33411202 33411311 33411326 33411420 33411451 33411592 33411670 33411794 33411857 33411966 33412028 33412122 33412278 33412403 33412418 33412481 33412590 33412684 33412793 33412902 33412964 33413058 33413089 0
 0
===
 33429235 33429376 33429345 33429454 33429516 33429688 33429719 33429844 33429875 33430015 33430047 33430203 33430140 33430249 33430359 33430483 33430515 33430639 33430780 33430920 33431045 33431139 33431201 33431326 33431310 33431435 33431451 33431560 33431685 33431778 33431872 33431981 33432106 33432215 33432215 33432309 33432355 33432465 33432605 33432730 33432792 33432855 33432948 33433026 33433151 33433307 33433276 33433416 33433557 33433635 33433759 33433900 33433931 33434040 33434134 33434243 33434383 33434524 33434461 33434571 33434711 33434851 33434976 33435070 33435070 33435163 33435226 33435351 33435429 33435553 33435631 33435725 33435787 33435881 33436053 33436162 33436209 33436287 33436396 33436505 33436614 33436723 33436786 33436879 33436942 0
 0